[gd_scene load_steps=11 format=3 uid="uid://dt01ry8bc1pne"]

[ext_resource type="PackedScene" uid="uid://cfxd6ou7enikr" path="res://startarea/rooms/bathroom.tscn" id="1_ap4rk"]
[ext_resource type="Script" uid="uid://hvxybe6ew1wi" path="res://startarea/startroom.gd" id="1_v37f2"]
[ext_resource type="PackedScene" uid="uid://4wdmx1w2gdqp" path="res://startarea/rooms/controlroom.tscn" id="2_dc5nq"]
[ext_resource type="JSON" path="res://startarea/actions/start_actions.json" id="2_wr6lj"]
[ext_resource type="PackedScene" uid="uid://bcp6carpfrt3v" path="res://startarea/rooms/corridor.tscn" id="3_tuwul"]
[ext_resource type="PackedScene" uid="uid://br0lr08faf64u" path="res://startarea/rooms/cryoroom.tscn" id="4_v37f2"]
[ext_resource type="PackedScene" uid="uid://cq85qra0wartp" path="res://startarea/rooms/tunnel.tscn" id="5_6f4e6"]
[ext_resource type="JSON" path="res://startarea/actions/fail_ownship.json" id="5_wr6lj"]
[ext_resource type="PackedScene" uid="uid://c0ov3gvi01qt6" path="res://player/player.tscn" id="6_tuwul"]
[ext_resource type="PackedScene" uid="uid://dbx1afyq7yyqp" path="res://interactable/normal_door/normal_door.tscn" id="9_6f4e6"]

[node name="Startroom" type="Node3D"]
script = ExtResource("1_v37f2")
start_actions = ExtResource("2_wr6lj")
metadata/_edit_group_ = true

[node name="Cryoroom" parent="." instance=ExtResource("4_v37f2")]
transform = Transform3D(-0.973734, 0, -0.227688, 0, 1, 0, 0.227688, 0, -0.973734, 9.20345, 0, -17.7294)

[node name="CryoroomCorridorDoor" parent="." instance=ExtResource("9_6f4e6")]
transform = Transform3D(0.975149, 0, 0.221548, 0, 1, 0, -0.221548, 0, 0.975149, 10.527, 0, -15.3835)

[node name="CorridorFailDoor" parent="." instance=ExtResource("9_6f4e6")]
transform = Transform3D(0.975149, 0, 0.221548, 0, 1, 0, -0.221548, 0, 0.975149, 6.92522, 0, -14.6006)

[node name="Interactable" parent="CorridorFailDoor" index="3"]
interaction = ExtResource("5_wr6lj")

[node name="Corridor" parent="." instance=ExtResource("3_tuwul")]
transform = Transform3D(-0.978148, 0, -0.207912, 0, 1, 0, 0.207912, 0, -0.978148, 7.92094, -0.00266933, -13.7356)

[node name="CorridorControlDoor" parent="." instance=ExtResource("9_6f4e6")]
transform = Transform3D(0.975149, 0, 0.221548, 0, 1, 0, -0.221548, 0, 0.975149, 5.3283, 0, -12.1212)

[node name="Bathroom" parent="." instance=ExtResource("1_ap4rk")]
transform = Transform3D(0.978148, 0, 0.207912, 0, 1, 0, -0.207912, 0, 0.978148, 7.61554, 1.19209e-07, -11.3508)

[node name="BathroomControlDoor" parent="." instance=ExtResource("9_6f4e6")]
transform = Transform3D(-0.221549, 0, 0.975149, 0, 1, 0, -0.975149, 0, -0.221549, 6.55858, 0, -11.1795)

[node name="Controlroom" parent="." instance=ExtResource("2_dc5nq")]
transform = Transform3D(-0.207912, 0, 0.978147, 0, 1, 0, -0.978147, 0, -0.207912, 4.95479, 1.19209e-07, -8.81061)

[node name="Tunnel" parent="." instance=ExtResource("5_6f4e6")]
transform = Transform3D(1, 0, 0, 0, 1, 0, 0, 0, 1, -0.114077, 0, -3.146)

[node name="Player" parent="." instance=ExtResource("6_tuwul")]
transform = Transform3D(1, 0, 0, 0, 1, 0, 0, 0, 1, 8.98926, 0, -17.6363)

[editable path="CorridorFailDoor"]
[editable path="CorridorFailDoor/Interactable"]
